0, 1, 1
0, 2, 2
0, 3, 2
0, 4, 4
0, 5, 7
0, 6, 1
0, 7, 10
0, 8, 2
0, 9, 9
0, 10, 7
0, 11, 7
0, 12, 8
0, 13, 10
0, 14, 3
0, 15, 1
0, 16, 8
0, 17, 9
0, 18, 9
0, 19, 1
0, 20, 1
0, 21, 10
0, 22, 5
0, 23, 7
0, 24, 5
0, 25, 3
0, 26, 6
0, 27, 9
0, 28, 4
0, 29, 1
0, 30, 3
0, 31, 8
0, 32, 1
0, 33, 8
0, 34, 4
0, 35, 6
0, 36, 2
0, 37, 4
0, 38, 6
0, 39, 7
0, 40, 1
0, 41, 7
0, 42, 3
0, 43, 6
0, 44, 2
0, 45, 7
0, 46, 8
0, 47, 1
0, 48, 7
0, 49, 2
0, 50, 9
0, 51, 2
0, 52, 5
0, 53, 9
0, 54, 7
0, 55, 6
0, 56, 4
0, 57, 2
0, 58, 8
0, 59, 1
0, 60, 1
0, 61, 6
0, 62, 5
0, 63, 10
0, 64, 2
0, 65, 1
0, 66, 9
0, 67, 2
0, 68, 4
0, 69, 4
0, 70, 1
0, 71, 2
0, 72, 10
0, 73, 3
0, 74, 10
0, 75, 6
0, 76, 7
0, 77, 8
0, 78, 10
0, 79, 10
0, 80, 5
0, 81, 2
0, 82, 9
0, 83, 5
0, 84, 5
0, 85, 5
0, 86, 7
0, 87, 9
0, 88, 9
0, 89, 2
0, 90, 2
0, 91, 2
0, 92, 2
0, 93, 6
0, 94, 1
0, 95, 5
0, 96, 8
0, 97, 5
0, 98, 8
0, 99, 9
1, 2, 1
1, 3, 9
1, 4, 6
1, 5, 1
1, 6, 9
1, 7, 10
1, 8, 5
1, 9, 4
1, 10, 6
1, 11, 4
1, 12, 2
1, 13, 3
1, 14, 4
1, 15, 3
1, 16, 5
1, 17, 7
1, 18, 6
1, 19, 3
1, 20, 10
1, 21, 4
1, 22, 9
1, 23, 1
1, 24, 4
1, 25, 7
1, 26, 6
1, 27, 10
1, 28, 3
1, 29, 1
1, 30, 5
1, 31, 7
1, 32, 9
1, 33, 3
1, 34, 5
1, 35, 8
1, 36, 9
1, 37, 9
1, 38, 5
1, 39, 2
1, 40, 7
1, 41, 2
1, 42, 6
1, 43, 10
1, 44, 3
1, 45, 7
1, 46, 3
1, 47, 8
1, 48, 3
1, 49, 10
1, 50, 6
1, 51, 8
1, 52, 6
1, 53, 10
1, 54, 10
1, 55, 9
1, 56, 3
1, 57, 8
1, 58, 7
1, 59, 5
1, 60, 7
1, 61, 10
1, 62, 3
1, 63, 8
1, 64, 7
1, 65, 1
1, 66, 3
1, 67, 1
1, 68, 3
1, 69, 10
1, 70, 8
1, 71, 6
1, 72, 10
1, 73, 7
1, 74, 9
1, 75, 4
1, 76, 2
1, 77, 7
1, 78, 6
1, 79, 9
1, 80, 4
1, 81, 7
1, 82, 7
1, 83, 2
1, 84, 10
1, 85, 4
1, 86, 7
1, 87, 8
1, 88, 6
1, 89, 10
1, 90, 10
1, 91, 8
1, 92, 4
1, 93, 1
1, 94, 1
1, 95, 10
1, 96, 9
1, 97, 3
1, 98, 8
1, 99, 7
2, 3, 1
2, 4, 9
2, 5, 10
2, 6, 9
2, 7, 6
2, 8, 10
2, 9, 4
2, 10, 6
2, 11, 10
2, 12, 6
2, 13, 3
2, 14, 6
2, 15, 5
2, 16, 4
2, 17, 5
2, 18, 7
2, 19, 4
2, 20, 7
2, 21, 2
2, 22, 3
2, 23, 3
2, 24, 5
2, 25, 4
2, 26, 9
2, 27, 10
2, 28, 7
2, 29, 9
2, 30, 9
2, 31, 6
2, 32, 9
2, 33, 5
2, 34, 9
2, 35, 7
2, 36, 5
2, 37, 10
2, 38, 3
2, 39, 9
2, 40, 9
2, 41, 3
2, 42, 3
2, 43, 6
2, 44, 4
2, 45, 5
2, 46, 6
2, 47, 7
2, 48, 2
2, 49, 1
2, 50, 9
2, 51, 2
2, 52, 4
2, 53, 10
2, 54, 8
2, 55, 2
2, 56, 7
2, 57, 5
2, 58, 5
2, 59, 1
2, 60, 3
2, 61, 8
2, 62, 1
2, 63, 4
2, 64, 1
2, 65, 6
2, 66, 4
2, 67, 7
2, 68, 2
2, 69, 3
2, 70, 1
2, 71, 4
2, 72, 9
2, 73, 8
2, 74, 2
2, 75, 10
2, 76, 10
2, 77, 1
2, 78, 7
2, 79, 3
2, 80, 8
2, 81, 1
2, 82, 3
2, 83, 2
2, 84, 10
2, 85, 3
2, 86, 9
2, 87, 3
2, 88, 10
2, 89, 10
2, 90, 2
2, 91, 8
2, 92, 3
2, 93, 8
2, 94, 6
2, 95, 8
2, 96, 1
2, 97, 1
2, 98, 7
2, 99, 7
3, 4, 3
3, 5, 9
3, 6, 1
3, 7, 3
3, 8, 5
3, 9, 1
3, 10, 10
3, 11, 9
3, 12, 9
3, 13, 1
3, 14, 7
3, 15, 4
3, 16, 9
3, 17, 5
3, 18, 1
3, 19, 9
3, 20, 5
3, 21, 9
3, 22, 2
3, 23, 1
3, 24, 3
3, 25, 4
3, 26, 3
3, 27, 1
3, 28, 7
3, 29, 8
3, 30, 4
3, 31, 7
3, 32, 3
3, 33, 6
3, 34, 10
3, 35, 6
3, 36, 7
3, 37, 1
3, 38, 2
3, 39, 6
3, 40, 9
3, 41, 3
3, 42, 9
3, 43, 10
3, 44, 8
3, 45, 2
3, 46, 4
3, 47, 9
3, 48, 3
3, 49, 9
3, 50, 6
3, 51, 7
3, 52, 5
3, 53, 1
3, 54, 10
3, 55, 6
3, 56, 4
3, 57, 3
3, 58, 7
3, 59, 1
3, 60, 4
3, 61, 10
3, 62, 6
3, 63, 10
3, 64, 9
3, 65, 2
3, 66, 9
3, 67, 9
3, 68, 7
3, 69, 8
3, 70, 10
3, 71, 7
3, 72, 6
3, 73, 1
3, 74, 3
3, 75, 4
3, 76, 4
3, 77, 1
3, 78, 9
3, 79, 4
3, 80, 1
3, 81, 3
3, 82, 5
3, 83, 4
3, 84, 1
3, 85, 8
3, 86, 6
3, 87, 4
3, 88, 3
3, 89, 7
3, 90, 3
3, 91, 7
3, 92, 8
3, 93, 8
3, 94, 8
3, 95, 10
3, 96, 4
3, 97, 10
3, 98, 10
3, 99, 10
4, 5, 9
4, 6, 2
4, 7, 6
4, 8, 4
4, 9, 8
4, 10, 9
4, 11, 3
4, 12, 4
4, 13, 2
4, 14, 5
4, 15, 5
4, 16, 10
4, 17, 10
4, 18, 7
4, 19, 3
4, 20, 7
4, 21, 2
4, 22, 1
4, 23, 9
4, 24, 5
4, 25, 7
4, 26, 1
4, 27, 10
4, 28, 10
4, 29, 4
4, 30, 4
4, 31, 9
4, 32, 2
4, 33, 6
4, 34, 3
4, 35, 5
4, 36, 6
4, 37, 5
4, 38, 1
4, 39, 4
4, 40, 6
4, 41, 8
4, 42, 8
4, 43, 3
4, 44, 2
4, 45, 9
4, 46, 6
4, 47, 4
4, 48, 3
4, 49, 9
4, 50, 8
4, 51, 5
4, 52, 5
4, 53, 1
4, 54, 5
4, 55, 9
4, 56, 1
4, 57, 10
4, 58, 6
4, 59, 2
4, 60, 2
4, 61, 2
4, 62, 1
4, 63, 10
4, 64, 4
4, 65, 8
4, 66, 1
4, 67, 9
4, 68, 10
4, 69, 7
4, 70, 5
4, 71, 9
4, 72, 6
4, 73, 3
4, 74, 10
4, 75, 9
4, 76, 9
4, 77, 8
4, 78, 4
4, 79, 9
4, 80, 3
4, 81, 6
4, 82, 6
4, 83, 8
4, 84, 8
4, 85, 9
4, 86, 3
4, 87, 7
4, 88, 8
4, 89, 2
4, 90, 7
4, 91, 1
4, 92, 10
4, 93, 8
4, 94, 4
4, 95, 6
4, 96, 6
4, 97, 10
4, 98, 4
4, 99, 8
5, 6, 5
5, 7, 1
5, 8, 4
5, 9, 6
5, 10, 3
5, 11, 4
5, 12, 4
5, 13, 8
5, 14, 1
5, 15, 2
5, 16, 10
5, 17, 2
5, 18, 8
5, 19, 7
5, 20, 6
5, 21, 2
5, 22, 10
5, 23, 3
5, 24, 2
5, 25, 3
5, 26, 5
5, 27, 6
5, 28, 5
5, 29, 9
5, 30, 5
5, 31, 5
5, 32, 6
5, 33, 9
5, 34, 10
5, 35, 7
5, 36, 2
5, 37, 6
5, 38, 7
5, 39, 2
5, 40, 1
5, 41, 7
5, 42, 3
5, 43, 10
5, 44, 2
5, 45, 1
5, 46, 3
5, 47, 10
5, 48, 6
5, 49, 4
5, 50, 2
5, 51, 10
5, 52, 3
5, 53, 5
5, 54, 10
5, 55, 9
5, 56, 5
5, 57, 10
5, 58, 7
5, 59, 6
5, 60, 2
5, 61, 9
5, 62, 9
5, 63, 5
5, 64, 4
5, 65, 8
5, 66, 1
5, 67, 1
5, 68, 2
5, 69, 8
5, 70, 9
5, 71, 3
5, 72, 2
5, 73, 6
5, 74, 2
5, 75, 3
5, 76, 10
5, 77, 1
5, 78, 4
5, 79, 8
5, 80, 9
5, 81, 7
5, 82, 5
5, 83, 7
5, 84, 6
5, 85, 7
5, 86, 2
5, 87, 6
5, 88, 5
5, 89, 9
5, 90, 7
5, 91, 9
5, 92, 6
5, 93, 10
5, 94, 5
5, 95, 10
5, 96, 5
5, 97, 3
5, 98, 8
5, 99, 3
6, 7, 1
6, 8, 6
6, 9, 10
6, 10, 7
6, 11, 4
6, 12, 1
6, 13, 10
6, 14, 4
6, 15, 4
6, 16, 9
6, 17, 2
6, 18, 4
6, 19, 3
6, 20, 5
6, 21, 4
6, 22, 2
6, 23, 10
6, 24, 4
6, 25, 2
6, 26, 6
6, 27, 2
6, 28, 1
6, 29, 5
6, 30, 5
6, 31, 8
6, 32, 5
6, 33, 3
6, 34, 9
6, 35, 10
6, 36, 3
6, 37, 6
6, 38, 2
6, 39, 3
6, 40, 4
6, 41, 7
6, 42, 9
6, 43, 5
6, 44, 8
6, 45, 2
6, 46, 8
6, 47, 10
6, 48, 8
6, 49, 7
6, 50, 4
6, 51, 2
6, 52, 1
6, 53, 2
6, 54, 6
6, 55, 6
6, 56, 5
6, 57, 8
6, 58, 4
6, 59, 8
6, 60, 10
6, 61, 10
6, 62, 1
6, 63, 10
6, 64, 7
6, 65, 1
6, 66, 5
6, 67, 1
6, 68, 10
6, 69, 7
6, 70, 4
6, 71, 6
6, 72, 1
6, 73, 6
6, 74, 9
6, 75, 10
6, 76, 6
6, 77, 2
6, 78, 2
6, 79, 5
6, 80, 2
6, 81, 4
6, 82, 2
6, 83, 5
6, 84, 7
6, 85, 1
6, 86, 5
6, 87, 10
6, 88, 7
6, 89, 1
6, 90, 6
6, 91, 3
6, 92, 7
6, 93, 3
6, 94, 4
6, 95, 7
6, 96, 4
6, 97, 8
6, 98, 8
6, 99, 6
7, 8, 3
7, 9, 4
7, 10, 6
7, 11, 7
7, 12, 9
7, 13, 3
7, 14, 1
7, 15, 4
7, 16, 3
7, 17, 2
7, 18, 8
7, 19, 5
7, 20, 4
7, 21, 8
7, 22, 1
7, 23, 8
7, 24, 7
7, 25, 5
7, 26, 3
7, 27, 8
7, 28, 9
7, 29, 5
7, 30, 5
7, 31, 7
7, 32, 3
7, 33, 2
7, 34, 4
7, 35, 2
7, 36, 7
7, 37, 3
7, 38, 3
7, 39, 10
7, 40, 2
7, 41, 1
7, 42, 6
7, 43, 7
7, 44, 4
7, 45, 2
7, 46, 10
7, 47, 9
7, 48, 3
7, 49, 4
7, 50, 2
7, 51, 8
7, 52, 9
7, 53, 6
7, 54, 10
7, 55, 8
7, 56, 5
7, 57, 3
7, 58, 3
7, 59, 6
7, 60, 2
7, 61, 1
7, 62, 4
7, 63, 5
7, 64, 6
7, 65, 7
7, 66, 6
7, 67, 9
7, 68, 6
7, 69, 10
7, 70, 9
7, 71, 6
7, 72, 4
7, 73, 8
7, 74, 3
7, 75, 4
7, 76, 2
7, 77, 10
7, 78, 3
7, 79, 6
7, 80, 8
7, 81, 10
7, 82, 4
7, 83, 7
7, 84, 3
7, 85, 2
7, 86, 10
7, 87, 4
7, 88, 7
7, 89, 10
7, 90, 1
7, 91, 10
7, 92, 6
7, 93, 8
7, 94, 7
7, 95, 6
7, 96, 6
7, 97, 7
7, 98, 9
7, 99, 5
8, 9, 6
8, 10, 2
8, 11, 5
8, 12, 1
8, 13, 8
8, 14, 7
8, 15, 3
8, 16, 6
8, 17, 6
8, 18, 8
8, 19, 6
8, 20, 7
8, 21, 10
8, 22, 4
8, 23, 2
8, 24, 6
8, 25, 4
8, 26, 9
8, 27, 4
8, 28, 8
8, 29, 9
8, 30, 5
8, 31, 5
8, 32, 6
8, 33, 4
8, 34, 4
8, 35, 5
8, 36, 1
8, 37, 4
8, 38, 2
8, 39, 4
8, 40, 4
8, 41, 7
8, 42, 1
8, 43, 9
8, 44, 10
8, 45, 10
8, 46, 5
8, 47, 8
8, 48, 7
8, 49, 1
8, 50, 4
8, 51, 1
8, 52, 3
8, 53, 2
8, 54, 4
8, 55, 5
8, 56, 7
8, 57, 1
8, 58, 10
8, 59, 2
8, 60, 8
8, 61, 2
8, 62, 5
8, 63, 4
8, 64, 8
8, 65, 1
8, 66, 1
8, 67, 9
8, 68, 10
8, 69, 7
8, 70, 9
8, 71, 5
8, 72, 10
8, 73, 7
8, 74, 6
8, 75, 1
8, 76, 1
8, 77, 1
8, 78, 2
8, 79, 4
8, 80, 5
8, 81, 2
8, 82, 10
8, 83, 1
8, 84, 2
8, 85, 10
8, 86, 8
8, 87, 7
8, 88, 7
8, 89, 3
8, 90, 9
8, 91, 6
8, 92, 4
8, 93, 4
8, 94, 4
8, 95, 4
8, 96, 9
8, 97, 10
8, 98, 4
8, 99, 5
9, 10, 3
9, 11, 1
9, 12, 1
9, 13, 1
9, 14, 5
9, 15, 10
9, 16, 5
9, 17, 5
9, 18, 2
9, 19, 7
9, 20, 8
9, 21, 7
9, 22, 4
9, 23, 1
9, 24, 10
9, 25, 9
9, 26, 7
9, 27, 1
9, 28, 4
9, 29, 2
9, 30, 2
9, 31, 10
9, 32, 3
9, 33, 9
9, 34, 6
9, 35, 2
9, 36, 2
9, 37, 8
9, 38, 10
9, 39, 5
9, 40, 9
9, 41, 5
9, 42, 7
9, 43, 5
9, 44, 10
9, 45, 6
9, 46, 9
9, 47, 6
9, 48, 10
9, 49, 2
9, 50, 10
9, 51, 9
9, 52, 6
9, 53, 4
9, 54, 8
9, 55, 8
9, 56, 10
9, 57, 4
9, 58, 10
9, 59, 3
9, 60, 8
9, 61, 8
9, 62, 3
9, 63, 6
9, 64, 2
9, 65, 4
9, 66, 9
9, 67, 9
9, 68, 1
9, 69, 1
9, 70, 10
9, 71, 7
9, 72, 6
9, 73, 2
9, 74, 2
9, 75, 9
9, 76, 9
9, 77, 2
9, 78, 3
9, 79, 7
9, 80, 6
9, 81, 6
9, 82, 6
9, 83, 5
9, 84, 3
9, 85, 4
9, 86, 10
9, 87, 6
9, 88, 7
9, 89, 7
9, 90, 9
9, 91, 9
9, 92, 1
9, 93, 9
9, 94, 6
9, 95, 4
9, 96, 7
9, 97, 5
9, 98, 10
9, 99, 5
10, 11, 9
10, 12, 2
10, 13, 3
10, 14, 1
10, 15, 9
10, 16, 7
10, 17, 7
10, 18, 5
10, 19, 8
10, 20, 10
10, 21, 1
10, 22, 6
10, 23, 4
10, 24, 3
10, 25, 3
10, 26, 2
10, 27, 2
10, 28, 4
10, 29, 8
10, 30, 6
10, 31, 4
10, 32, 10
10, 33, 8
10, 34, 3
10, 35, 4
10, 36, 6
10, 37, 7
10, 38, 5
10, 39, 2
10, 40, 4
10, 41, 1
10, 42, 2
10, 43, 2
10, 44, 10
10, 45, 8
10, 46, 2
10, 47, 4
10, 48, 1
10, 49, 1
10, 50, 6
10, 51, 4
10, 52, 3
10, 53, 1
10, 54, 1
10, 55, 4
10, 56, 3
10, 57, 7
10, 58, 4
10, 59, 10
10, 60, 7
10, 61, 7
10, 62, 10
10, 63, 9
10, 64, 6
10, 65, 6
10, 66, 1
10, 67, 1
10, 68, 1
10, 69, 1
10, 70, 4
10, 71, 6
10, 72, 3
10, 73, 3
10, 74, 9
10, 75, 8
10, 76, 10
10, 77, 8
10, 78, 9
10, 79, 3
10, 80, 5
10, 81, 4
10, 82, 4
10, 83, 1
10, 84, 2
10, 85, 9
10, 86, 1
10, 87, 6
10, 88, 2
10, 89, 10
10, 90, 10
10, 91, 10
10, 92, 5
10, 93, 2
10, 94, 5
10, 95, 6
10, 96, 8
10, 97, 9
10, 98, 8
10, 99, 9
11, 12, 6
11, 13, 10
11, 14, 6
11, 15, 6
11, 16, 4
11, 17, 3
11, 18, 10
11, 19, 1
11, 20, 6
11, 21, 10
11, 22, 7
11, 23, 9
11, 24, 6
11, 25, 1
11, 26, 1
11, 27, 3
11, 28, 10
11, 29, 4
11, 30, 10
11, 31, 2
11, 32, 3
11, 33, 6
11, 34, 5
11, 35, 2
11, 36, 7
11, 37, 8
11, 38, 1
11, 39, 7
11, 40, 5
11, 41, 5
11, 42, 8
11, 43, 4
11, 44, 9
11, 45, 9
11, 46, 9
11, 47, 3
11, 48, 2
11, 49, 7
11, 50, 3
11, 51, 3
11, 52, 7
11, 53, 8
11, 54, 5
11, 55, 3
11, 56, 1
11, 57, 10
11, 58, 3
11, 59, 5
11, 60, 3
11, 61, 5
11, 62, 6
11, 63, 8
11, 64, 3
11, 65, 2
11, 66, 1
11, 67, 4
11, 68, 2
11, 69, 4
11, 70, 5
11, 71, 6
11, 72, 7
11, 73, 3
11, 74, 4
11, 75, 1
11, 76, 2
11, 77, 4
11, 78, 8
11, 79, 6
11, 80, 5
11, 81, 1
11, 82, 10
11, 83, 7
11, 84, 3
11, 85, 5
11, 86, 6
11, 87, 2
11, 88, 7
11, 89, 8
11, 90, 6
11, 91, 7
11, 92, 10
11, 93, 9
11, 94, 5
11, 95, 9
11, 96, 6
11, 97, 4
11, 98, 5
11, 99, 7
12, 13, 8
12, 14, 3
12, 15, 5
12, 16, 2
12, 17, 9
12, 18, 2
12, 19, 10
12, 20, 1
12, 21, 9
12, 22, 5
12, 23, 8
12, 24, 8
12, 25, 9
12, 26, 9
12, 27, 2
12, 28, 7
12, 29, 6
12, 30, 6
12, 31, 6
12, 32, 4
12, 33, 4
12, 34, 10
12, 35, 2
12, 36, 10
12, 37, 5
12, 38, 9
12, 39, 2
12, 40, 3
12, 41, 6
12, 42, 2
12, 43, 2
12, 44, 4
12, 45, 2
12, 46, 7
12, 47, 4
12, 48, 6
12, 49, 3
12, 50, 9
12, 51, 7
12, 52, 8
12, 53, 10
12, 54, 3
12, 55, 9
12, 56, 6
12, 57, 6
12, 58, 1
12, 59, 10
12, 60, 7
12, 61, 4
12, 62, 7
12, 63, 7
12, 64, 4
12, 65, 7
12, 66, 8
12, 67, 10
12, 68, 1
12, 69, 4
12, 70, 10
12, 71, 10
12, 72, 7
12, 73, 3
12, 74, 2
12, 75, 4
12, 76, 5
12, 77, 10
12, 78, 3
12, 79, 4
12, 80, 1
12, 81, 8
12, 82, 6
12, 83, 5
12, 84, 4
12, 85, 1
12, 86, 8
12, 87, 4
12, 88, 10
12, 89, 7
12, 90, 5
12, 91, 8
12, 92, 5
12, 93, 7
12, 94, 3
12, 95, 8
12, 96, 3
12, 97, 9
12, 98, 6
12, 99, 2
13, 14, 1
13, 15, 5
13, 16, 1
13, 17, 4
13, 18, 5
13, 19, 7
13, 20, 7
13, 21, 4
13, 22, 4
13, 23, 2
13, 24, 4
13, 25, 1
13, 26, 7
13, 27, 8
13, 28, 5
13, 29, 6
13, 30, 10
13, 31, 9
13, 32, 7
13, 33, 7
13, 34, 5
13, 35, 2
13, 36, 3
13, 37, 9
13, 38, 5
13, 39, 3
13, 40, 6
13, 41, 2
13, 42, 8
13, 43, 2
13, 44, 6
13, 45, 4
13, 46, 10
13, 47, 7
13, 48, 9
13, 49, 3
13, 50, 9
13, 51, 9
13, 52, 7
13, 53, 8
13, 54, 6
13, 55, 4
13, 56, 5
13, 57, 7
13, 58, 1
13, 59, 9
13, 60, 4
13, 61, 3
13, 62, 4
13, 63, 8
13, 64, 10
13, 65, 4
13, 66, 2
13, 67, 3
13, 68, 1
13, 69, 8
13, 70, 1
13, 71, 9
13, 72, 8
13, 73, 2
13, 74, 7
13, 75, 6
13, 76, 10
13, 77, 5
13, 78, 7
13, 79, 6
13, 80, 8
13, 81, 10
13, 82, 4
13, 83, 7
13, 84, 7
13, 85, 8
13, 86, 8
13, 87, 10
13, 88, 4
13, 89, 1
13, 90, 6
13, 91, 8
13, 92, 1
13, 93, 1
13, 94, 5
13, 95, 6
13, 96, 7
13, 97, 2
13, 98, 1
13, 99, 1
14, 15, 2
14, 16, 4
14, 17, 4
14, 18, 4
14, 19, 1
14, 20, 5
14, 21, 10
14, 22, 1
14, 23, 8
14, 24, 9
14, 25, 3
14, 26, 6
14, 27, 1
14, 28, 5
14, 29, 10
14, 30, 1
14, 31, 8
14, 32, 8
14, 33, 9
14, 34, 5
14, 35, 7
14, 36, 10
14, 37, 3
14, 38, 4
14, 39, 7
14, 40, 10
14, 41, 9
14, 42, 3
14, 43, 1
14, 44, 6
14, 45, 10
14, 46, 2
14, 47, 6
14, 48, 8
14, 49, 3
14, 50, 9
14, 51, 10
14, 52, 4
14, 53, 10
14, 54, 5
14, 55, 8
14, 56, 5
14, 57, 4
14, 58, 8
14, 59, 1
14, 60, 3
14, 61, 1
14, 62, 9
14, 63, 9
14, 64, 4
14, 65, 3
14, 66, 3
14, 67, 6
14, 68, 8
14, 69, 7
14, 70, 6
14, 71, 1
14, 72, 10
14, 73, 2
14, 74, 8
14, 75, 7
14, 76, 3
14, 77, 8
14, 78, 4
14, 79, 4
14, 80, 3
14, 81, 3
14, 82, 1
14, 83, 8
14, 84, 8
14, 85, 7
14, 86, 5
14, 87, 9
14, 88, 7
14, 89, 9
14, 90, 9
14, 91, 3
14, 92, 2
14, 93, 4
14, 94, 2
14, 95, 3
14, 96, 9
14, 97, 9
14, 98, 7
14, 99, 9
15, 16, 8
15, 17, 4
15, 18, 8
15, 19, 2
15, 20, 3
15, 21, 4
15, 22, 8
15, 23, 5
15, 24, 4
15, 25, 8
15, 26, 10
15, 27, 3
15, 28, 8
15, 29, 6
15, 30, 8
15, 31, 3
15, 32, 3
15, 33, 4
15, 34, 5
15, 35, 2
15, 36, 2
15, 37, 1
15, 38, 7
15, 39, 7
15, 40, 8
15, 41, 6
15, 42, 8
15, 43, 7
15, 44, 3
15, 45, 8
15, 46, 8
15, 47, 9
15, 48, 7
15, 49, 1
15, 50, 7
15, 51, 10
15, 52, 1
15, 53, 5
15, 54, 1
15, 55, 8
15, 56, 7
15, 57, 3
15, 58, 8
15, 59, 7
15, 60, 5
15, 61, 4
15, 62, 1
15, 63, 3
15, 64, 2
15, 65, 7
15, 66, 7
15, 67, 1
15, 68, 9
15, 69, 6
15, 70, 4
15, 71, 5
15, 72, 2
15, 73, 8
15, 74, 1
15, 75, 10
15, 76, 10
15, 77, 5
15, 78, 3
15, 79, 10
15, 80, 6
15, 81, 7
15, 82, 8
15, 83, 5
15, 84, 8
15, 85, 7
15, 86, 5
15, 87, 5
15, 88, 2
15, 89, 7
15, 90, 6
15, 91, 1
15, 92, 3
15, 93, 7
15, 94, 3
15, 95, 4
15, 96, 1
15, 97, 4
15, 98, 6
15, 99, 2
16, 17, 2
16, 18, 1
16, 19, 7
16, 20, 4
16, 21, 9
16, 22, 1
16, 23, 3
16, 24, 6
16, 25, 2
16, 26, 1
16, 27, 1
16, 28, 7
16, 29, 9
16, 30, 10
16, 31, 1
16, 32, 6
16, 33, 7
16, 34, 1
16, 35, 2
16, 36, 10
16, 37, 10
16, 38, 10
16, 39, 5
16, 40, 5
16, 41, 10
16, 42, 10
16, 43, 7
16, 44, 9
16, 45, 9
16, 46, 5
16, 47, 10
16, 48, 10
16, 49, 8
16, 50, 9
16, 51, 7
16, 52, 6
16, 53, 5
16, 54, 2
16, 55, 4
16, 56, 3
16, 57, 6
16, 58, 9
16, 59, 3
16, 60, 1
16, 61, 3
16, 62, 9
16, 63, 7
16, 64, 3
16, 65, 8
16, 66, 4
16, 67, 8
16, 68, 1
16, 69, 9
16, 70, 1
16, 71, 7
16, 72, 1
16, 73, 6
16, 74, 2
16, 75, 6
16, 76, 8
16, 77, 2
16, 78, 6
16, 79, 5
16, 80, 5
16, 81, 9
16, 82, 7
16, 83, 2
16, 84, 8
16, 85, 5
16, 86, 8
16, 87, 8
16, 88, 1
16, 89, 2
16, 90, 2
16, 91, 8
16, 92, 6
16, 93, 3
16, 94, 6
16, 95, 5
16, 96, 3
16, 97, 6
16, 98, 1
16, 99, 7
17, 18, 3
17, 19, 3
17, 20, 9
17, 21, 9
17, 22, 7
17, 23, 5
17, 24, 1
17, 25, 8
17, 26, 6
17, 27, 8
17, 28, 5
17, 29, 7
17, 30, 7
17, 31, 4
17, 32, 6
17, 33, 7
17, 34, 2
17, 35, 8
17, 36, 5
17, 37, 1
17, 38, 5
17, 39, 6
17, 40, 9
17, 41, 3
17, 42, 2
17, 43, 5
17, 44, 3
17, 45, 2
17, 46, 1
17, 47, 5
17, 48, 9
17, 49, 5
17, 50, 8
17, 51, 6
17, 52, 4
17, 53, 4
17, 54, 6
17, 55, 9
17, 56, 3
17, 57, 4
17, 58, 4
17, 59, 1
17, 60, 10
17, 61, 3
17, 62, 8
17, 63, 6
17, 64, 8
17, 65, 3
17, 66, 8
17, 67, 2
17, 68, 3
17, 69, 2
17, 70, 5
17, 71, 1
17, 72, 2
17, 73, 6
17, 74, 10
17, 75, 7
17, 76, 6
17, 77, 6
17, 78, 8
17, 79, 6
17, 80, 9
17, 81, 8
17, 82, 10
17, 83, 5
17, 84, 4
17, 85, 3
17, 86, 6
17, 87, 2
17, 88, 9
17, 89, 10
17, 90, 4
17, 91, 4
17, 92, 5
17, 93, 6
17, 94, 2
17, 95, 9
17, 96, 1
17, 97, 5
17, 98, 7
17, 99, 4
18, 19, 9
18, 20, 10
18, 21, 10
18, 22, 7
18, 23, 2
18, 24, 10
18, 25, 3
18, 26, 8
18, 27, 7
18, 28, 3
18, 29, 5
18, 30, 5
18, 31, 4
18, 32, 1
18, 33, 5
18, 34, 1
18, 35, 9
18, 36, 2
18, 37, 4
18, 38, 4
18, 39, 9
18, 40, 2
18, 41, 10
18, 42, 6
18, 43, 2
18, 44, 5
18, 45, 8
18, 46, 2
18, 47, 7
18, 48, 3
18, 49, 1
18, 50, 3
18, 51, 8
18, 52, 7
18, 53, 10
18, 54, 2
18, 55, 9
18, 56, 5
18, 57, 5
18, 58, 5
18, 59, 2
18, 60, 7
18, 61, 5
18, 62, 9
18, 63, 7
18, 64, 10
18, 65, 9
18, 66, 5
18, 67, 3
18, 68, 4
18, 69, 9
18, 70, 5
18, 71, 7
18, 72, 6
18, 73, 7
18, 74, 3
18, 75, 8
18, 76, 2
18, 77, 2
18, 78, 6
18, 79, 8
18, 80, 10
18, 81, 5
18, 82, 3
18, 83, 2
18, 84, 9
18, 85, 1
18, 86, 6
18, 87, 7
18, 88, 1
18, 89, 9
18, 90, 2
18, 91, 9
18, 92, 10
18, 93, 8
18, 94, 1
18, 95, 9
18, 96, 8
18, 97, 2
18, 98, 10
18, 99, 1
19, 20, 3
19, 21, 6
19, 22, 2
19, 23, 9
19, 24, 10
19, 25, 9
19, 26, 7
19, 27, 9
19, 28, 5
19, 29, 10
19, 30, 8
19, 31, 3
19, 32, 1
19, 33, 9
19, 34, 2
19, 35, 6
19, 36, 1
19, 37, 10
19, 38, 8
19, 39, 8
19, 40, 2
19, 41, 8
19, 42, 6
19, 43, 1
19, 44, 2
19, 45, 1
19, 46, 7
19, 47, 4
19, 48, 7
19, 49, 8
19, 50, 9
19, 51, 1
19, 52, 2
19, 53, 10
19, 54, 8
19, 55, 5
19, 56, 3
19, 57, 2
19, 58, 6
19, 59, 9
19, 60, 8
19, 61, 9
19, 62, 3
19, 63, 10
19, 64, 3
19, 65, 6
19, 66, 5
19, 67, 10
19, 68, 5
19, 69, 2
19, 70, 1
19, 71, 1
19, 72, 4
19, 73, 2
19, 74, 3
19, 75, 9
19, 76, 9
19, 77, 2
19, 78, 4
19, 79, 5
19, 80, 10
19, 81, 6
19, 82, 10
19, 83, 10
19, 84, 7
19, 85, 3
19, 86, 7
19, 87, 1
19, 88, 1
19, 89, 2
19, 90, 10
19, 91, 7
19, 92, 8
19, 93, 8
19, 94, 4
19, 95, 8
19, 96, 7
19, 97, 9
19, 98, 8
19, 99, 2
20, 21, 10
20, 22, 4
20, 23, 8
20, 24, 1
20, 25, 7
20, 26, 7
20, 27, 3
20, 28, 8
20, 29, 7
20, 30, 8
20, 31, 9
20, 32, 8
20, 33, 7
20, 34, 5
20, 35, 2
20, 36, 7
20, 37, 7
20, 38, 1
20, 39, 1
20, 40, 4
20, 41, 10
20, 42, 6
20, 43, 4
20, 44, 2
20, 45, 2
20, 46, 7
20, 47, 10
20, 48, 10
20, 49, 7
20, 50, 6
20, 51, 10
20, 52, 5
20, 53, 10
20, 54, 8
20, 55, 7
20, 56, 4
20, 57, 10
20, 58, 3
20, 59, 10
20, 60, 1
20, 61, 4
20, 62, 4
20, 63, 2
20, 64, 7
20, 65, 10
20, 66, 3
20, 67, 3
20, 68, 2
20, 69, 5
20, 70, 5
20, 71, 6
20, 72, 8
20, 73, 1
20, 74, 9
20, 75, 4
20, 76, 3
20, 77, 6
20, 78, 7
20, 79, 5
20, 80, 10
20, 81, 8
20, 82, 5
20, 83, 6
20, 84, 1
20, 85, 10
20, 86, 9
20, 87, 6
20, 88, 5
20, 89, 2
20, 90, 10
20, 91, 10
20, 92, 4
20, 93, 6
20, 94, 10
20, 95, 8
20, 96, 8
20, 97, 2
20, 98, 4
20, 99, 9
21, 22, 1
21, 23, 4
21, 24, 5
21, 25, 6
21, 26, 2
21, 27, 7
21, 28, 5
21, 29, 10
21, 30, 9
21, 31, 5
21, 32, 5
21, 33, 6
21, 34, 8
21, 35, 1
21, 36, 7
21, 37, 3
21, 38, 10
21, 39, 10
21, 40, 1
21, 41, 4
21, 42, 9
21, 43, 9
21, 44, 9
21, 45, 10
21, 46, 2
21, 47, 8
21, 48, 8
21, 49, 9
21, 50, 7
21, 51, 6
21, 52, 3
21, 53, 6
21, 54, 9
21, 55, 2
21, 56, 1
21, 57, 7
21, 58, 3
21, 59, 3
21, 60, 1
21, 61, 1
21, 62, 4
21, 63, 2
21, 64, 6
21, 65, 9
21, 66, 10
21, 67, 10
21, 68, 9
21, 69, 5
21, 70, 6
21, 71, 7
21, 72, 3
21, 73, 5
21, 74, 7
21, 75, 8
21, 76, 1
21, 77, 5
21, 78, 7
21, 79, 2
21, 80, 5
21, 81, 6
21, 82, 8
21, 83, 8
21, 84, 2
21, 85, 7
21, 86, 6
21, 87, 9
21, 88, 10
21, 89, 2
21, 90, 10
21, 91, 4
21, 92, 6
21, 93, 4
21, 94, 8
21, 95, 3
21, 96, 6
21, 97, 4
21, 98, 8
21, 99, 10
22, 23, 5
22, 24, 9
22, 25, 5
22, 26, 10
22, 27, 6
22, 28, 8
22, 29, 5
22, 30, 7
22, 31, 10
22, 32, 4
22, 33, 3
22, 34, 5
22, 35, 9
22, 36, 9
22, 37, 5
22, 38, 7
22, 39, 8
22, 40, 8
22, 41, 2
22, 42, 5
22, 43, 7
22, 44, 2
22, 45, 4
22, 46, 9
22, 47, 9
22, 48, 9
22, 49, 6
22, 50, 6
22, 51, 5
22, 52, 10
22, 53, 10
22, 54, 7
22, 55, 9
22, 56, 1
22, 57, 8
22, 58, 2
22, 59, 7
22, 60, 8
22, 61, 3
22, 62, 2
22, 63, 7
22, 64, 6
22, 65, 7
22, 66, 4
22, 67, 4
22, 68, 5
22, 69, 4
22, 70, 8
22, 71, 1
22, 72, 1
22, 73, 7
22, 74, 3
22, 75, 6
22, 76, 3
22, 77, 6
22, 78, 6
22, 79, 7
22, 80, 9
22, 81, 8
22, 82, 8
22, 83, 10
22, 84, 9
22, 85, 10
22, 86, 7
22, 87, 9
22, 88, 10
22, 89, 2
22, 90, 4
22, 91, 9
22, 92, 6
22, 93, 10
22, 94, 8
22, 95, 6
22, 96, 5
22, 97, 10
22, 98, 10
22, 99, 5
23, 24, 4
23, 25, 1
23, 26, 8
23, 27, 3
23, 28, 7
23, 29, 3
23, 30, 3
23, 31, 3
23, 32, 4
23, 33, 3
23, 34, 1
23, 35, 4
23, 36, 2
23, 37, 7
23, 38, 8
23, 39, 4
23, 40, 1
23, 41, 10
23, 42, 5
23, 43, 1
23, 44, 1
23, 45, 3
23, 46, 1
23, 47, 1
23, 48, 3
23, 49, 2
23, 50, 6
23, 51, 10
23, 52, 3
23, 53, 5
23, 54, 10
23, 55, 9
23, 56, 10
23, 57, 1
23, 58, 9
23, 59, 7
23, 60, 9
23, 61, 10
23, 62, 6
23, 63, 7
23, 64, 4
23, 65, 1
23, 66, 3
23, 67, 5
23, 68, 8
23, 69, 5
23, 70, 4
23, 71, 7
23, 72, 9
23, 73, 7
23, 74, 1
23, 75, 8
23, 76, 7
23, 77, 8
23, 78, 2
23, 79, 5
23, 80, 2
23, 81, 2
23, 82, 10
23, 83, 10
23, 84, 1
23, 85, 7
23, 86, 6
23, 87, 1
23, 88, 6
23, 89, 9
23, 90, 2
23, 91, 4
23, 92, 5
23, 93, 7
23, 94, 10
23, 95, 3
23, 96, 7
23, 97, 5
23, 98, 7
23, 99, 1
24, 25, 10
24, 26, 5
24, 27, 5
24, 28, 10
24, 29, 7
24, 30, 6
24, 31, 3
24, 32, 5
24, 33, 3
24, 34, 5
24, 35, 2
24, 36, 6
24, 37, 6
24, 38, 5
24, 39, 1
24, 40, 4
24, 41, 10
24, 42, 7
24, 43, 1
24, 44, 8
24, 45, 9
24, 46, 6
24, 47, 8
24, 48, 8
24, 49, 3
24, 50, 2
24, 51, 8
24, 52, 1
24, 53, 10
24, 54, 2
24, 55, 5
24, 56, 6
24, 57, 4
24, 58, 9
24, 59, 5
24, 60, 2
24, 61, 2
24, 62, 6
24, 63, 2
24, 64, 4
24, 65, 5
24, 66, 3
24, 67, 2
24, 68, 5
24, 69, 4
24, 70, 3
24, 71, 9
24, 72, 5
24, 73, 10
24, 74, 4
24, 75, 10
24, 76, 4
24, 77, 6
24, 78, 5
24, 79, 2
24, 80, 9
24, 81, 7
24, 82, 2
24, 83, 6
24, 84, 10
24, 85, 7
24, 86, 2
24, 87, 10
24, 88, 4
24, 89, 3
24, 90, 9
24, 91, 9
24, 92, 4
24, 93, 5
24, 94, 10
24, 95, 4
24, 96, 10
24, 97, 6
24, 98, 7
24, 99, 2
25, 26, 6
25, 27, 10
25, 28, 10
25, 29, 2
25, 30, 9
25, 31, 5
25, 32, 6
25, 33, 10
25, 34, 9
25, 35, 3
25, 36, 2
25, 37, 10
25, 38, 8
25, 39, 2
25, 40, 2
25, 41, 5
25, 42, 2
25, 43, 4
25, 44, 9
25, 45, 5
25, 46, 8
25, 47, 7
25, 48, 9
25, 49, 9
25, 50, 8
25, 51, 10
25, 52, 9
25, 53, 3
25, 54, 6
25, 55, 7
25, 56, 6
25, 57, 8
25, 58, 8
25, 59, 2
25, 60, 7
25, 61, 9
25, 62, 10
25, 63, 9
25, 64, 5
25, 65, 8
25, 66, 5
25, 67, 6
25, 68, 6
25, 69, 10
25, 70, 8
25, 71, 7
25, 72, 4
25, 73, 6
25, 74, 2
25, 75, 3
25, 76, 3
25, 77, 10
25, 78, 10
25, 79, 7
25, 80, 6
25, 81, 3
25, 82, 10
25, 83, 1
25, 84, 10
25, 85, 8
25, 86, 10
25, 87, 5
25, 88, 10
25, 89, 1
25, 90, 3
25, 91, 10
25, 92, 8
25, 93, 6
25, 94, 5
25, 95, 8
25, 96, 8
25, 97, 2
25, 98, 6
25, 99, 2
26, 27, 1
26, 28, 2
26, 29, 10
26, 30, 3
26, 31, 3
26, 32, 10
26, 33, 3
26, 34, 6
26, 35, 2
26, 36, 5
26, 37, 6
26, 38, 3
26, 39, 3
26, 40, 7
26, 41, 1
26, 42, 7
26, 43, 4
26, 44, 7
26, 45, 8
26, 46, 1
26, 47, 3
26, 48, 6
26, 49, 3
26, 50, 3
26, 51, 2
26, 52, 6
26, 53, 5
26, 54, 6
26, 55, 6
26, 56, 8
26, 57, 5
26, 58, 6
26, 59, 4
26, 60, 7
26, 61, 4
26, 62, 9
26, 63, 6
26, 64, 8
26, 65, 2
26, 66, 3
26, 67, 3
26, 68, 9
26, 69, 5
26, 70, 2
26, 71, 10
26, 72, 2
26, 73, 4
26, 74, 6
26, 75, 1
26, 76, 8
26, 77, 7
26, 78, 7
26, 79, 10
26, 80, 8
26, 81, 6
26, 82, 9
26, 83, 8
26, 84, 1
26, 85, 8
26, 86, 3
26, 87, 2
26, 88, 8
26, 89, 8
26, 90, 5
26, 91, 5
26, 92, 10
26, 93, 4
26, 94, 7
26, 95, 9
26, 96, 5
26, 97, 9
26, 98, 10
26, 99, 2
27, 28, 4
27, 29, 2
27, 30, 4
27, 31, 10
27, 32, 1
27, 33, 2
27, 34, 6
27, 35, 6
27, 36, 7
27, 37, 5
27, 38, 7
27, 39, 7
27, 40, 7
27, 41, 7
27, 42, 6
27, 43, 3
27, 44, 2
27, 45, 6
27, 46, 6
27, 47, 5
27, 48, 9
27, 49, 5
27, 50, 4
27, 51, 5
27, 52, 5
27, 53, 6
27, 54, 6
27, 55, 8
27, 56, 3
27, 57, 2
27, 58, 4
27, 59, 6
27, 60, 9
27, 61, 9
27, 62, 9
27, 63, 6
27, 64, 2
27, 65, 9
27, 66, 6
27, 67, 8
27, 68, 10
27, 69, 4
27, 70, 3
27, 71, 2
27, 72, 7
27, 73, 6
27, 74, 4
27, 75, 2
27, 76, 8
27, 77, 10
27, 78, 6
27, 79, 1
27, 80, 8
27, 81, 7
27, 82, 5
27, 83, 3
27, 84, 7
27, 85, 10
27, 86, 7
27, 87, 2
27, 88, 10
27, 89, 10
27, 90, 7
27, 91, 10
27, 92, 10
27, 93, 8
27, 94, 10
27, 95, 8
27, 96, 7
27, 97, 4
27, 98, 1
27, 99, 9
28, 29, 2
28, 30, 8
28, 31, 9
28, 32, 7
28, 33, 5
28, 34, 6
28, 35, 9
28, 36, 9
28, 37, 9
28, 38, 3
28, 39, 9
28, 40, 2
28, 41, 1
28, 42, 8
28, 43, 9
28, 44, 6
28, 45, 7
28, 46, 1
28, 47, 10
28, 48, 8
28, 49, 10
28, 50, 7
28, 51, 1
28, 52, 2
28, 53, 10
28, 54, 10
28, 55, 5
28, 56, 7
28, 57, 9
28, 58, 8
28, 59, 7
28, 60, 6
28, 61, 8
28, 62, 8
28, 63, 3
28, 64, 10
28, 65, 3
28, 66, 5
28, 67, 1
28, 68, 6
28, 69, 10
28, 70, 10
28, 71, 3
28, 72, 2
28, 73, 3
28, 74, 5
28, 75, 10
28, 76, 5
28, 77, 2
28, 78, 6
28, 79, 4
28, 80, 4
28, 81, 9
28, 82, 9
28, 83, 8
28, 84, 9
28, 85, 5
28, 86, 6
28, 87, 1
28, 88, 10
28, 89, 5
28, 90, 8
28, 91, 8
28, 92, 10
28, 93, 3
28, 94, 1
28, 95, 10
28, 96, 1
28, 97, 4
28, 98, 5
28, 99, 6
29, 30, 10
29, 31, 6
29, 32, 9
29, 33, 7
29, 34, 4
29, 35, 10
29, 36, 4
29, 37, 1
29, 38, 5
29, 39, 2
29, 40, 1
29, 41, 4
29, 42, 6
29, 43, 3
29, 44, 3
29, 45, 1
29, 46, 4
29, 47, 1
29, 48, 9
29, 49, 2
29, 50, 10
29, 51, 7
29, 52, 7
29, 53, 8
29, 54, 1
29, 55, 4
29, 56, 2
29, 57, 9
29, 58, 3
29, 59, 6
29, 60, 10
29, 61, 10
29, 62, 4
29, 63, 8
29, 64, 2
29, 65, 6
29, 66, 5
29, 67, 6
29, 68, 1
29, 69, 10
29, 70, 6
29, 71, 4
29, 72, 6
29, 73, 8
29, 74, 4
29, 75, 2
29, 76, 5
29, 77, 9
29, 78, 3
29, 79, 4
29, 80, 1
29, 81, 4
29, 82, 9
29, 83, 8
29, 84, 9
29, 85, 8
29, 86, 10
29, 87, 9
29, 88, 10
29, 89, 3
29, 90, 1
29, 91, 9
29, 92, 4
29, 93, 8
29, 94, 9
29, 95, 2
29, 96, 9
29, 97, 5
29, 98, 1
29, 99, 3
30, 31, 6
30, 32, 5
30, 33, 8
30, 34, 3
30, 35, 9
30, 36, 1
30, 37, 7
30, 38, 5
30, 39, 5
30, 40, 2
30, 41, 7
30, 42, 7
30, 43, 8
30, 44, 1
30, 45, 9
30, 46, 2
30, 47, 3
30, 48, 10
30, 49, 2
30, 50, 8
30, 51, 3
30, 52, 6
30, 53, 4
30, 54, 6
30, 55, 9
30, 56, 3
30, 57, 3
30, 58, 6
30, 59, 10
30, 60, 1
30, 61, 6
30, 62, 6
30, 63, 6
30, 64, 9
30, 65, 2
30, 66, 1
30, 67, 7
30, 68, 1
30, 69, 5
30, 70, 4
30, 71, 9
30, 72, 9
30, 73, 5
30, 74, 4
30, 75, 8
30, 76, 3
30, 77, 1
30, 78, 4
30, 79, 2
30, 80, 5
30, 81, 4
30, 82, 4
30, 83, 10
30, 84, 2
30, 85, 5
30, 86, 2
30, 87, 8
30, 88, 3
30, 89, 10
30, 90, 3
30, 91, 8
30, 92, 5
30, 93, 3
30, 94, 7
30, 95, 5
30, 96, 2
30, 97, 4
30, 98, 6
30, 99, 6
31, 32, 2
31, 33, 6
31, 34, 5
31, 35, 6
31, 36, 4
31, 37, 4
31, 38, 9
31, 39, 1
31, 40, 7
31, 41, 8
31, 42, 1
31, 43, 9
31, 44, 6
31, 45, 4
31, 46, 8
31, 47, 4
31, 48, 5
31, 49, 8
31, 50, 2
31, 51, 10
31, 52, 3
31, 53, 1
31, 54, 7
31, 55, 4
31, 56, 8
31, 57, 7
31, 58, 9
31, 59, 4
31, 60, 3
31, 61, 10
31, 62, 9
31, 63, 10
31, 64, 2
31, 65, 3
31, 66, 8
31, 67, 4
31, 68, 1
31, 69, 4
31, 70, 1
31, 71, 3
31, 72, 5
31, 73, 10
31, 74, 4
31, 75, 9
31, 76, 1
31, 77, 1
31, 78, 4
31, 79, 6
31, 80, 3
31, 81, 2
31, 82, 3
31, 83, 5
31, 84, 2
31, 85, 5
31, 86, 6
31, 87, 7
31, 88, 4
31, 89, 7
31, 90, 2
31, 91, 8
31, 92, 8
31, 93, 6
31, 94, 9
31, 95, 4
31, 96, 2
31, 97, 7
31, 98, 8
31, 99, 6
32, 33, 2
32, 34, 8
32, 35, 6
32, 36, 3
32, 37, 9
32, 38, 5
32, 39, 9
32, 40, 9
32, 41, 4
32, 42, 7
32, 43, 1
32, 44, 5
32, 45, 8
32, 46, 9
32, 47, 10
32, 48, 10
32, 49, 5
32, 50, 7
32, 51, 4
32, 52, 1
32, 53, 5
32, 54, 2
32, 55, 9
32, 56, 5
32, 57, 6
32, 58, 3
32, 59, 3
32, 60, 5
32, 61, 2
32, 62, 3
32, 63, 9
32, 64, 2
32, 65, 2
32, 66, 2
32, 67, 5
32, 68, 8
32, 69, 6
32, 70, 8
32, 71, 4
32, 72, 1
32, 73, 9
32, 74, 3
32, 75, 3
32, 76, 6
32, 77, 9
32, 78, 8
32, 79, 3
32, 80, 2
32, 81, 2
32, 82, 10
32, 83, 5
32, 84, 10
32, 85, 8
32, 86, 6
32, 87, 5
32, 88, 3
32, 89, 3
32, 90, 4
32, 91, 7
32, 92, 7
32, 93, 2
32, 94, 2
32, 95, 6
32, 96, 6
32, 97, 8
32, 98, 7
32, 99, 5
33, 34, 10
33, 35, 3
33, 36, 5
33, 37, 4
33, 38, 10
33, 39, 8
33, 40, 4
33, 41, 7
33, 42, 3
33, 43, 8
33, 44, 6
33, 45, 5
33, 46, 8
33, 47, 1
33, 48, 9
33, 49, 8
33, 50, 1
33, 51, 8
33, 52, 5
33, 53, 6
33, 54, 1
33, 55, 2
33, 56, 8
33, 57, 1
33, 58, 9
33, 59, 8
33, 60, 1
33, 61, 10
33, 62, 5
33, 63, 3
33, 64, 4
33, 65, 2
33, 66, 3
33, 67, 3
33, 68, 6
33, 69, 2
33, 70, 4
33, 71, 3
33, 72, 6
33, 73, 3
33, 74, 8
33, 75, 6
33, 76, 9
33, 77, 6
33, 78, 5
33, 79, 2
33, 80, 4
33, 81, 7
33, 82, 4
33, 83, 6
33, 84, 1
33, 85, 7
33, 86, 5
33, 87, 8
33, 88, 5
33, 89, 2
33, 90, 4
33, 91, 3
33, 92, 1
33, 93, 3
33, 94, 9
33, 95, 3
33, 96, 5
33, 97, 4
33, 98, 4
33, 99, 2
34, 35, 10
34, 36, 3
34, 37, 6
34, 38, 3
34, 39, 1
34, 40, 3
34, 41, 9
34, 42, 5
34, 43, 2
34, 44, 10
34, 45, 3
34, 46, 1
34, 47, 3
34, 48, 4
34, 49, 7
34, 50, 4
34, 51, 9
34, 52, 5
34, 53, 2
34, 54, 7
34, 55, 4
34, 56, 9
34, 57, 5
34, 58, 4
34, 59, 2
34, 60, 7
34, 61, 6
34, 62, 8
34, 63, 8
34, 64, 10
34, 65, 2
34, 66, 7
34, 67, 6
34, 68, 3
34, 69, 4
34, 70, 2
34, 71, 5
34, 72, 6
34, 73, 1
34, 74, 10
34, 75, 3
34, 76, 9
34, 77, 9
34, 78, 9
34, 79, 6
34, 80, 5
34, 81, 9
34, 82, 3
34, 83, 8
34, 84, 9
34, 85, 4
34, 86, 2
34, 87, 3
34, 88, 6
34, 89, 7
34, 90, 5
34, 91, 10
34, 92, 4
34, 93, 7
34, 94, 7
34, 95, 10
34, 96, 4
34, 97, 7
34, 98, 9
34, 99, 9
35, 36, 4
35, 37, 5
35, 38, 3
35, 39, 5
35, 40, 6
35, 41, 5
35, 42, 10
35, 43, 7
35, 44, 2
35, 45, 1
35, 46, 3
35, 47, 1
35, 48, 3
35, 49, 5
35, 50, 4
35, 51, 2
35, 52, 9
35, 53, 6
35, 54, 1
35, 55, 4
35, 56, 7
35, 57, 4
35, 58, 8
35, 59, 6
35, 60, 5
35, 61, 2
35, 62, 6
35, 63, 2
35, 64, 1
35, 65, 5
35, 66, 6
35, 67, 7
35, 68, 5
35, 69, 1
35, 70, 6
35, 71, 3
35, 72, 8
35, 73, 10
35, 74, 4
35, 75, 4
35, 76, 7
35, 77, 2
35, 78, 8
35, 79, 5
35, 80, 2
35, 81, 4
35, 82, 10
35, 83, 5
35, 84, 2
35, 85, 5
35, 86, 9
35, 87, 2
35, 88, 10
35, 89, 5
35, 90, 1
35, 91, 8
35, 92, 6
35, 93, 1
35, 94, 9
35, 95, 9
35, 96, 6
35, 97, 3
35, 98, 3
35, 99, 6
36, 37, 6
36, 38, 6
36, 39, 9
36, 40, 4
36, 41, 5
36, 42, 7
36, 43, 8
36, 44, 1
36, 45, 10
36, 46, 1
36, 47, 8
36, 48, 2
36, 49, 9
36, 50, 7
36, 51, 2
36, 52, 2
36, 53, 2
36, 54, 2
36, 55, 8
36, 56, 6
36, 57, 2
36, 58, 1
36, 59, 9
36, 60, 8
36, 61, 4
36, 62, 9
36, 63, 10
36, 64, 9
36, 65, 5
36, 66, 2
36, 67, 10
36, 68, 8
36, 69, 8
36, 70, 4
36, 71, 10
36, 72, 8
36, 73, 8
36, 74, 2
36, 75, 10
36, 76, 8
36, 77, 10
36, 78, 5
36, 79, 1
36, 80, 1
36, 81, 9
36, 82, 8
36, 83, 10
36, 84, 1
36, 85, 10
36, 86, 7
36, 87, 6
36, 88, 7
36, 89, 6
36, 90, 4
36, 91, 2
36, 92, 8
36, 93, 9
36, 94, 1
36, 95, 8
36, 96, 1
36, 97, 7
36, 98, 10
36, 99, 10
37, 38, 6
37, 39, 7
37, 40, 7
37, 41, 2
37, 42, 10
37, 43, 6
37, 44, 10
37, 45, 10
37, 46, 5
37, 47, 10
37, 48, 7
37, 49, 1
37, 50, 8
37, 51, 7
37, 52, 3
37, 53, 4
37, 54, 4
37, 55, 5
37, 56, 3
37, 57, 4
37, 58, 5
37, 59, 10
37, 60, 2
37, 61, 10
37, 62, 4
37, 63, 3
37, 64, 9
37, 65, 8
37, 66, 9
37, 67, 9
37, 68, 10
37, 69, 7
37, 70, 10
37, 71, 10
37, 72, 3
37, 73, 9
37, 74, 8
37, 75, 9
37, 76, 8
37, 77, 1
37, 78, 6
37, 79, 10
37, 80, 6
37, 81, 10
37, 82, 3
37, 83, 10
37, 84, 2
37, 85, 3
37, 86, 5
37, 87, 3
37, 88, 2
37, 89, 6
37, 90, 9
37, 91, 2
37, 92, 6
37, 93, 2
37, 94, 5
37, 95, 3
37, 96, 7
37, 97, 3
37, 98, 7
37, 99, 6
38, 39, 8
38, 40, 7
38, 41, 8
38, 42, 10
38, 43, 1
38, 44, 1
38, 45, 10
38, 46, 5
38, 47, 6
38, 48, 7
38, 49, 1
38, 50, 5
38, 51, 4
38, 52, 4
38, 53, 7
38, 54, 9
38, 55, 10
38, 56, 4
38, 57, 10
38, 58, 8
38, 59, 5
38, 60, 4
38, 61, 1
38, 62, 5
38, 63, 4
38, 64, 2
38, 65, 1
38, 66, 8
38, 67, 2
38, 68, 1
38, 69, 6
38, 70, 4
38, 71, 7
38, 72, 7
38, 73, 8
38, 74, 2
38, 75, 8
38, 76, 10
38, 77, 10
38, 78, 1
38, 79, 5
38, 80, 5
38, 81, 4
38, 82, 4
38, 83, 4
38, 84, 4
38, 85, 8
38, 86, 2
38, 87, 7
38, 88, 9
38, 89, 7
38, 90, 3
38, 91, 5
38, 92, 9
38, 93, 5
38, 94, 3
38, 95, 5
38, 96, 10
38, 97, 9
38, 98, 6
38, 99, 1
39, 40, 6
39, 41, 4
39, 42, 7
39, 43, 3
39, 44, 2
39, 45, 5
39, 46, 7
39, 47, 2
39, 48, 2
39, 49, 1
39, 50, 6
39, 51, 4
39, 52, 8
39, 53, 9
39, 54, 9
39, 55, 9
39, 56, 4
39, 57, 6
39, 58, 5
39, 59, 2
39, 60, 3
39, 61, 7
39, 62, 2
39, 63, 4
39, 64, 6
39, 65, 5
39, 66, 6
39, 67, 1
39, 68, 5
39, 69, 1
39, 70, 2
39, 71, 1
39, 72, 2
39, 73, 1
39, 74, 8
39, 75, 7
39, 76, 2
39, 77, 8
39, 78, 7
39, 79, 6
39, 80, 4
39, 81, 10
39, 82, 7
39, 83, 7
39, 84, 3
39, 85, 9
39, 86, 10
39, 87, 7
39, 88, 8
39, 89, 4
39, 90, 6
39, 91, 3
39, 92, 4
39, 93, 10
39, 94, 1
39, 95, 7
39, 96, 10
39, 97, 7
39, 98, 7
39, 99, 5
40, 41, 9
40, 42, 3
40, 43, 5
40, 44, 9
40, 45, 1
40, 46, 2
40, 47, 1
40, 48, 1
40, 49, 2
40, 50, 3
40, 51, 9
40, 52, 5
40, 53, 10
40, 54, 9
40, 55, 6
40, 56, 9
40, 57, 3
40, 58, 7
40, 59, 6
40, 60, 5
40, 61, 10
40, 62, 10
40, 63, 5
40, 64, 9
40, 65, 1
40, 66, 8
40, 67, 6
40, 68, 1
40, 69, 5
40, 70, 1
40, 71, 5
40, 72, 9
40, 73, 7
40, 74, 6
40, 75, 3
40, 76, 5
40, 77, 3
40, 78, 9
40, 79, 3
40, 80, 8
40, 81, 4
40, 82, 8
40, 83, 7
40, 84, 6
40, 85, 10
40, 86, 5
40, 87, 7
40, 88, 3
40, 89, 10
40, 90, 10
40, 91, 3
40, 92, 4
40, 93, 5
40, 94, 8
40, 95, 9
40, 96, 7
40, 97, 6
40, 98, 5
40, 99, 9
41, 42, 4
41, 43, 6
41, 44, 2
41, 45, 3
41, 46, 6
41, 47, 6
41, 48, 2
41, 49, 9
41, 50, 4
41, 51, 4
41, 52, 4
41, 53, 7
41, 54, 8
41, 55, 9
41, 56, 2
41, 57, 9
41, 58, 7
41, 59, 2
41, 60, 9
41, 61, 2
41, 62, 7
41, 63, 1
41, 64, 5
41, 65, 8
41, 66, 4
41, 67, 9
41, 68, 8
41, 69, 8
41, 70, 9
41, 71, 3
41, 72, 8
41, 73, 5
41, 74, 1
41, 75, 5
41, 76, 5
41, 77, 4
41, 78, 9
41, 79, 9
41, 80, 9
41, 81, 10
41, 82, 1
41, 83, 6
41, 84, 4
41, 85, 7
41, 86, 10
41, 87, 7
41, 88, 8
41, 89, 10
41, 90, 6
41, 91, 3
41, 92, 5
41, 93, 7
41, 94, 4
41, 95, 6
41, 96, 2
41, 97, 10
41, 98, 5
41, 99, 3
42, 43, 3
42, 44, 9
42, 45, 9
42, 46, 9
42, 47, 2
42, 48, 3
42, 49, 4
42, 50, 8
42, 51, 6
42, 52, 6
42, 53, 9
42, 54, 4
42, 55, 7
42, 56, 10
42, 57, 1
42, 58, 2
42, 59, 8
42, 60, 4
42, 61, 4
42, 62, 6
42, 63, 4
42, 64, 9
42, 65, 6
42, 66, 7
42, 67, 10
42, 68, 5
42, 69, 8
42, 70, 4
42, 71, 4
42, 72, 3
42, 73, 5
42, 74, 5
42, 75, 2
42, 76, 3
42, 77, 9
42, 78, 5
42, 79, 3
42, 80, 8
42, 81, 8
42, 82, 5
42, 83, 5
42, 84, 10
42, 85, 3
42, 86, 5
42, 87, 9
42, 88, 6
42, 89, 1
42, 90, 10
42, 91, 2
42, 92, 9
42, 93, 4
42, 94, 5
42, 95, 7
42, 96, 8
42, 97, 2
42, 98, 1
42, 99, 5
43, 44, 7
43, 45, 10
43, 46, 6
43, 47, 7
43, 48, 2
43, 49, 8
43, 50, 2
43, 51, 6
43, 52, 3
43, 53, 8
43, 54, 10
43, 55, 4
43, 56, 4
43, 57, 4
43, 58, 5
43, 59, 6
43, 60, 9
43, 61, 3
43, 62, 5
43, 63, 7
43, 64, 2
43, 65, 2
43, 66, 2
43, 67, 1
43, 68, 1
43, 69, 5
43, 70, 6
43, 71, 6
43, 72, 5
43, 73, 6
43, 74, 10
43, 75, 10
43, 76, 10
43, 77, 3
43, 78, 9
43, 79, 10
43, 80, 1
43, 81, 2
43, 82, 10
43, 83, 3
43, 84, 8
43, 85, 2
43, 86, 9
43, 87, 7
43, 88, 2
43, 89, 3
43, 90, 9
43, 91, 4
43, 92, 1
43, 93, 9
43, 94, 5
43, 95, 5
43, 96, 10
43, 97, 4
43, 98, 7
43, 99, 5
44, 45, 7
44, 46, 6
44, 47, 10
44, 48, 6
44, 49, 7
44, 50, 7
44, 51, 7
44, 52, 3
44, 53, 7
44, 54, 2
44, 55, 5
44, 56, 7
44, 57, 7
44, 58, 6
44, 59, 5
44, 60, 1
44, 61, 3
44, 62, 5
44, 63, 10
44, 64, 10
44, 65, 2
44, 66, 6
44, 67, 7
44, 68, 2
44, 69, 9
44, 70, 8
44, 71, 1
44, 72, 9
44, 73, 2
44, 74, 10
44, 75, 7
44, 76, 6
44, 77, 5
44, 78, 7
44, 79, 2
44, 80, 5
44, 81, 7
44, 82, 5
44, 83, 2
44, 84, 6
44, 85, 7
44, 86, 1
44, 87, 7
44, 88, 6
44, 89, 6
44, 90, 1
44, 91, 10
44, 92, 10
44, 93, 6
44, 94, 9
44, 95, 3
44, 96, 4
44, 97, 7
44, 98, 8
44, 99, 3
45, 46, 1
45, 47, 6
45, 48, 1
45, 49, 5
45, 50, 8
45, 51, 7
45, 52, 8
45, 53, 10
45, 54, 2
45, 55, 6
45, 56, 6
45, 57, 5
45, 58, 9
45, 59, 3
45, 60, 6
45, 61, 6
45, 62, 5
45, 63, 6
45, 64, 2
45, 65, 6
45, 66, 8
45, 67, 10
45, 68, 9
45, 69, 8
45, 70, 2
45, 71, 2
45, 72, 10
45, 73, 3
45, 74, 2
45, 75, 5
45, 76, 4
45, 77, 4
45, 78, 10
45, 79, 10
45, 80, 2
45, 81, 5
45, 82, 4
45, 83, 10
45, 84, 7
45, 85, 5
45, 86, 8
45, 87, 4
45, 88, 2
45, 89, 4
45, 90, 8
45, 91, 7
45, 92, 10
45, 93, 4
45, 94, 9
45, 95, 3
45, 96, 3
45, 97, 9
45, 98, 10
45, 99, 9
46, 47, 5
46, 48, 4
46, 49, 6
46, 50, 4
46, 51, 5
46, 52, 6
46, 53, 2
46, 54, 8
46, 55, 3
46, 56, 4
46, 57, 4
46, 58, 8
46, 59, 8
46, 60, 1
46, 61, 5
46, 62, 7
46, 63, 7
46, 64, 8
46, 65, 5
46, 66, 6
46, 67, 8
46, 68, 8
46, 69, 7
46, 70, 2
46, 71, 4
46, 72, 5
46, 73, 3
46, 74, 6
46, 75, 1
46, 76, 3
46, 77, 7
46, 78, 8
46, 79, 1
46, 80, 5
46, 81, 8
46, 82, 5
46, 83, 1
46, 84, 8
46, 85, 9
46, 86, 7
46, 87, 5
46, 88, 3
46, 89, 3
46, 90, 5
46, 91, 3
46, 92, 10
46, 93, 9
46, 94, 3
46, 95, 10
46, 96, 3
46, 97, 10
46, 98, 1
46, 99, 1
47, 48, 3
47, 49, 7
47, 50, 9
47, 51, 5
47, 52, 3
47, 53, 3
47, 54, 4
47, 55, 4
47, 56, 9
47, 57, 5
47, 58, 1
47, 59, 3
47, 60, 9
47, 61, 1
47, 62, 1
47, 63, 10
47, 64, 5
47, 65, 7
47, 66, 8
47, 67, 2
47, 68, 8
47, 69, 5
47, 70, 8
47, 71, 2
47, 72, 4
47, 73, 1
47, 74, 9
47, 75, 10
47, 76, 7
47, 77, 3
47, 78, 5
47, 79, 7
47, 80, 2
47, 81, 3
47, 82, 1
47, 83, 2
47, 84, 1
47, 85, 2
47, 86, 2
47, 87, 3
47, 88, 2
47, 89, 9
47, 90, 9
47, 91, 10
47, 92, 4
47, 93, 4
47, 94, 4
47, 95, 10
47, 96, 10
47, 97, 2
47, 98, 5
47, 99, 10
48, 49, 8
48, 50, 9
48, 51, 6
48, 52, 7
48, 53, 7
48, 54, 4
48, 55, 8
48, 56, 10
48, 57, 1
48, 58, 1
48, 59, 10
48, 60, 5
48, 61, 4
48, 62, 4
48, 63, 7
48, 64, 5
48, 65, 4
48, 66, 10
48, 67, 9
48, 68, 7
48, 69, 4
48, 70, 2
48, 71, 7
48, 72, 10
48, 73, 3
48, 74, 10
48, 75, 2
48, 76, 2
48, 77, 4
48, 78, 5
48, 79, 7
48, 80, 3
48, 81, 10
48, 82, 8
48, 83, 8
48, 84, 5
48, 85, 7
48, 86, 4
48, 87, 6
48, 88, 5
48, 89, 3
48, 90, 2
48, 91, 9
48, 92, 2
48, 93, 2
48, 94, 6
48, 95, 3
48, 96, 1
48, 97, 4
48, 98, 3
48, 99, 3
49, 50, 8
49, 51, 4
49, 52, 8
49, 53, 5
49, 54, 6
49, 55, 4
49, 56, 7
49, 57, 9
49, 58, 5
49, 59, 10
49, 60, 5
49, 61, 10
49, 62, 10
49, 63, 4
49, 64, 5
49, 65, 9
49, 66, 5
49, 67, 10
49, 68, 3
49, 69, 6
49, 70, 4
49, 71, 7
49, 72, 6
49, 73, 6
49, 74, 1
49, 75, 2
49, 76, 2
49, 77, 1
49, 78, 9
49, 79, 8
49, 80, 9
49, 81, 9
49, 82, 4
49, 83, 9
49, 84, 5
49, 85, 5
49, 86, 3
49, 87, 3
49, 88, 3
49, 89, 5
49, 90, 9
49, 91, 6
49, 92, 2
49, 93, 1
49, 94, 8
49, 95, 4
49, 96, 4
49, 97, 9
49, 98, 6
49, 99, 8
50, 51, 9
50, 52, 8
50, 53, 1
50, 54, 3
50, 55, 10
50, 56, 2
50, 57, 3
50, 58, 8
50, 59, 1
50, 60, 10
50, 61, 3
50, 62, 1
50, 63, 3
50, 64, 4
50, 65, 2
50, 66, 2
50, 67, 3
50, 68, 1
50, 69, 7
50, 70, 6
50, 71, 3
50, 72, 8
50, 73, 4
50, 74, 3
50, 75, 10
50, 76, 3
50, 77, 4
50, 78, 10
50, 79, 8
50, 80, 2
50, 81, 3
50, 82, 7
50, 83, 6
50, 84, 1
50, 85, 6
50, 86, 9
50, 87, 3
50, 88, 7
50, 89, 3
50, 90, 1
50, 91, 1
50, 92, 7
50, 93, 3
50, 94, 6
50, 95, 4
50, 96, 8
50, 97, 5
50, 98, 4
50, 99, 5
51, 52, 6
51, 53, 10
51, 54, 6
51, 55, 2
51, 56, 8
51, 57, 4
51, 58, 2
51, 59, 10
51, 60, 7
51, 61, 5
51, 62, 1
51, 63, 1
51, 64, 4
51, 65, 5
51, 66, 4
51, 67, 1
51, 68, 3
51, 69, 10
51, 70, 8
51, 71, 6
51, 72, 5
51, 73, 7
51, 74, 10
51, 75, 7
51, 76, 7
51, 77, 10
51, 78, 7
51, 79, 7
51, 80, 9
51, 81, 4
51, 82, 7
51, 83, 6
51, 84, 6
51, 85, 6
51, 86, 1
51, 87, 5
51, 88, 5
51, 89, 6
51, 90, 2
51, 91, 6
51, 92, 3
51, 93, 8
51, 94, 8
51, 95, 2
51, 96, 8
51, 97, 7
51, 98, 7
51, 99, 5
52, 53, 2
52, 54, 7
52, 55, 8
52, 56, 4
52, 57, 10
52, 58, 8
52, 59, 2
52, 60, 4
52, 61, 4
52, 62, 10
52, 63, 9
52, 64, 8
52, 65, 10
52, 66, 7
52, 67, 8
52, 68, 1
52, 69, 3
52, 70, 1
52, 71, 9
52, 72, 6
52, 73, 4
52, 74, 3
52, 75, 9
52, 76, 9
52, 77, 6
52, 78, 8
52, 79, 8
52, 80, 4
52, 81, 8
52, 82, 4
52, 83, 4
52, 84, 6
52, 85, 8
52, 86, 10
52, 87, 5
52, 88, 8
52, 89, 6
52, 90, 9
52, 91, 5
52, 92, 10
52, 93, 1
52, 94, 5
52, 95, 8
52, 96, 3
52, 97, 8
52, 98, 10
52, 99, 10
53, 54, 9
53, 55, 9
53, 56, 3
53, 57, 5
53, 58, 3
53, 59, 3
53, 60, 1
53, 61, 7
53, 62, 2
53, 63, 9
53, 64, 6
53, 65, 10
53, 66, 1
53, 67, 3
53, 68, 2
53, 69, 4
53, 70, 4
53, 71, 7
53, 72, 10
53, 73, 5
53, 74, 2
53, 75, 10
53, 76, 10
53, 77, 5
53, 78, 5
53, 79, 2
53, 80, 4
53, 81, 10
53, 82, 2
53, 83, 10
53, 84, 6
53, 85, 5
53, 86, 4
53, 87, 9
53, 88, 10
53, 89, 6
53, 90, 5
53, 91, 4
53, 92, 2
53, 93, 9
53, 94, 5
53, 95, 5
53, 96, 2
53, 97, 2
53, 98, 2
53, 99, 4
54, 55, 4
54, 56, 2
54, 57, 4
54, 58, 5
54, 59, 9
54, 60, 2
54, 61, 1
54, 62, 10
54, 63, 1
54, 64, 4
54, 65, 5
54, 66, 10
54, 67, 3
54, 68, 4
54, 69, 5
54, 70, 3
54, 71, 3
54, 72, 8
54, 73, 1
54, 74, 9
54, 75, 6
54, 76, 10
54, 77, 1
54, 78, 9
54, 79, 7
54, 80, 10
54, 81, 5
54, 82, 4
54, 83, 3
54, 84, 1
54, 85, 8
54, 86, 10
54, 87, 5
54, 88, 6
54, 89, 3
54, 90, 7
54, 91, 6
54, 92, 7
54, 93, 8
54, 94, 2
54, 95, 8
54, 96, 2
54, 97, 9
54, 98, 4
54, 99, 5
55, 56, 3
55, 57, 10
55, 58, 5
55, 59, 1
55, 60, 10
55, 61, 6
55, 62, 4
55, 63, 7
55, 64, 10
55, 65, 7
55, 66, 2
55, 67, 2
55, 68, 7
55, 69, 7
55, 70, 10
55, 71, 3
55, 72, 3
55, 73, 3
55, 74, 6
55, 75, 9
55, 76, 2
55, 77, 4
55, 78, 2
55, 79, 8
55, 80, 5
55, 81, 6
55, 82, 1
55, 83, 8
55, 84, 2
55, 85, 1
55, 86, 1
55, 87, 6
55, 88, 1
55, 89, 10
55, 90, 2
55, 91, 6
55, 92, 3
55, 93, 10
55, 94, 3
55, 95, 9
55, 96, 5
55, 97, 1
55, 98, 9
55, 99, 2
56, 57, 10
56, 58, 7
56, 59, 5
56, 60, 1
56, 61, 5
56, 62, 9
56, 63, 10
56, 64, 3
56, 65, 9
56, 66, 9
56, 67, 8
56, 68, 10
56, 69, 7
56, 70, 5
56, 71, 2
56, 72, 4
56, 73, 10
56, 74, 3
56, 75, 5
56, 76, 2
56, 77, 7
56, 78, 1
56, 79, 10
56, 80, 3
56, 81, 9
56, 82, 9
56, 83, 1
56, 84, 5
56, 85, 10
56, 86, 10
56, 87, 10
56, 88, 4
56, 89, 9
56, 90, 4
56, 91, 5
56, 92, 7
56, 93, 5
56, 94, 3
56, 95, 3
56, 96, 8
56, 97, 10
56, 98, 10
56, 99, 10
57, 58, 8
57, 59, 6
57, 60, 4
57, 61, 4
57, 62, 6
57, 63, 8
57, 64, 9
57, 65, 5
57, 66, 6
57, 67, 4
57, 68, 2
57, 69, 4
57, 70, 10
57, 71, 7
57, 72, 9
57, 73, 8
57, 74, 1
57, 75, 2
57, 76, 2
57, 77, 3
57, 78, 6
57, 79, 2
57, 80, 8
57, 81, 7
57, 82, 7
57, 83, 10
57, 84, 6
57, 85, 4
57, 86, 3
57, 87, 2
57, 88, 1
57, 89, 8
57, 90, 7
57, 91, 4
57, 92, 10
57, 93, 8
57, 94, 6
57, 95, 4
57, 96, 10
57, 97, 6
57, 98, 5
57, 99, 9
58, 59, 4
58, 60, 9
58, 61, 4
58, 62, 5
58, 63, 7
58, 64, 5
58, 65, 1
58, 66, 7
58, 67, 6
58, 68, 5
58, 69, 4
58, 70, 6
58, 71, 5
58, 72, 10
58, 73, 4
58, 74, 9
58, 75, 5
58, 76, 9
58, 77, 3
58, 78, 1
58, 79, 10
58, 80, 3
58, 81, 4
58, 82, 1
58, 83, 4
58, 84, 3
58, 85, 7
58, 86, 1
58, 87, 7
58, 88, 2
58, 89, 1
58, 90, 9
58, 91, 9
58, 92, 1
58, 93, 2
58, 94, 7
58, 95, 10
58, 96, 9
58, 97, 5
58, 98, 8
58, 99, 10
59, 60, 6
59, 61, 9
59, 62, 5
59, 63, 4
59, 64, 7
59, 65, 8
59, 66, 8
59, 67, 9
59, 68, 2
59, 69, 8
59, 70, 8
59, 71, 5
59, 72, 1
59, 73, 6
59, 74, 8
59, 75, 1
59, 76, 3
59, 77, 4
59, 78, 3
59, 79, 8
59, 80, 3
59, 81, 10
59, 82, 1
59, 83, 5
59, 84, 8
59, 85, 2
59, 86, 6
59, 87, 7
59, 88, 5
59, 89, 4
59, 90, 10
59, 91, 8
59, 92, 3
59, 93, 8
59, 94, 7
59, 95, 10
59, 96, 3
59, 97, 1
59, 98, 3
59, 99, 7
60, 61, 10
60, 62, 1
60, 63, 2
60, 64, 2
60, 65, 4
60, 66, 2
60, 67, 2
60, 68, 2
60, 69, 1
60, 70, 7
60, 71, 1
60, 72, 5
60, 73, 5
60, 74, 8
60, 75, 1
60, 76, 10
60, 77, 2
60, 78, 4
60, 79, 6
60, 80, 8
60, 81, 10
60, 82, 7
60, 83, 3
60, 84, 5
60, 85, 7
60, 86, 4
60, 87, 6
60, 88, 3
60, 89, 8
60, 90, 8
60, 91, 7
60, 92, 6
60, 93, 2
60, 94, 2
60, 95, 9
60, 96, 5
60, 97, 4
60, 98, 3
60, 99, 1
61, 62, 8
61, 63, 5
61, 64, 7
61, 65, 6
61, 66, 2
61, 67, 9
61, 68, 7
61, 69, 10
61, 70, 2
61, 71, 8
61, 72, 2
61, 73, 5
61, 74, 9
61, 75, 2
61, 76, 9
61, 77, 1
61, 78, 7
61, 79, 4
61, 80, 6
61, 81, 6
61, 82, 3
61, 83, 9
61, 84, 7
61, 85, 10
61, 86, 1
61, 87, 3
61, 88, 10
61, 89, 9
61, 90, 5
61, 91, 3
61, 92, 6
61, 93, 3
61, 94, 3
61, 95, 3
61, 96, 10
61, 97, 10
61, 98, 8
61, 99, 9
62, 63, 10
62, 64, 8
62, 65, 10
62, 66, 8
62, 67, 1
62, 68, 2
62, 69, 5
62, 70, 6
62, 71, 4
62, 72, 6
62, 73, 6
62, 74, 6
62, 75, 8
62, 76, 3
62, 77, 10
62, 78, 8
62, 79, 8
62, 80, 4
62, 81, 4
62, 82, 9
62, 83, 4
62, 84, 2
62, 85, 4
62, 86, 5
62, 87, 4
62, 88, 6
62, 89, 3
62, 90, 6
62, 91, 7
62, 92, 2
62, 93, 9
62, 94, 4
62, 95, 10
62, 96, 4
62, 97, 1
62, 98, 9
62, 99, 10
63, 64, 4
63, 65, 4
63, 66, 8
63, 67, 9
63, 68, 4
63, 69, 8
63, 70, 5
63, 71, 10
63, 72, 6
63, 73, 3
63, 74, 4
63, 75, 10
63, 76, 6
63, 77, 9
63, 78, 6
63, 79, 1
63, 80, 7
63, 81, 6
63, 82, 2
63, 83, 4
63, 84, 10
63, 85, 9
63, 86, 6
63, 87, 9
63, 88, 1
63, 89, 5
63, 90, 3
63, 91, 2
63, 92, 4
63, 93, 3
63, 94, 1
63, 95, 10
63, 96, 9
63, 97, 7
63, 98, 10
63, 99, 6
64, 65, 3
64, 66, 6
64, 67, 6
64, 68, 9
64, 69, 5
64, 70, 10
64, 71, 10
64, 72, 4
64, 73, 4
64, 74, 9
64, 75, 1
64, 76, 9
64, 77, 10
64, 78, 6
64, 79, 6
64, 80, 3
64, 81, 5
64, 82, 9
64, 83, 5
64, 84, 5
64, 85, 8
64, 86, 5
64, 87, 6
64, 88, 6
64, 89, 7
64, 90, 10
64, 91, 5
64, 92, 2
64, 93, 7
64, 94, 1
64, 95, 1
64, 96, 6
64, 97, 1
64, 98, 1
64, 99, 1
65, 66, 5
65, 67, 4
65, 68, 5
65, 69, 8
65, 70, 8
65, 71, 8
65, 72, 6
65, 73, 4
65, 74, 7
65, 75, 8
65, 76, 4
65, 77, 3
65, 78, 8
65, 79, 2
65, 80, 5
65, 81, 2
65, 82, 7
65, 83, 9
65, 84, 1
65, 85, 5
65, 86, 10
65, 87, 4
65, 88, 3
65, 89, 5
65, 90, 9
65, 91, 4
65, 92, 10
65, 93, 3
65, 94, 1
65, 95, 5
65, 96, 7
65, 97, 1
65, 98, 5
65, 99, 9
66, 67, 3
66, 68, 4
66, 69, 8
66, 70, 7
66, 71, 4
66, 72, 8
66, 73, 1
66, 74, 8
66, 75, 2
66, 76, 3
66, 77, 6
66, 78, 9
66, 79, 5
66, 80, 10
66, 81, 2
66, 82, 2
66, 83, 8
66, 84, 4
66, 85, 9
66, 86, 9
66, 87, 8
66, 88, 4
66, 89, 6
66, 90, 8
66, 91, 8
66, 92, 2
66, 93, 10
66, 94, 7
66, 95, 4
66, 96, 9
66, 97, 3
66, 98, 2
66, 99, 1
67, 68, 5
67, 69, 1
67, 70, 1
67, 71, 7
67, 72, 9
67, 73, 7
67, 74, 8
67, 75, 2
67, 76, 10
67, 77, 10
67, 78, 10
67, 79, 2
67, 80, 3
67, 81, 7
67, 82, 3
67, 83, 7
67, 84, 5
67, 85, 2
67, 86, 1
67, 87, 5
67, 88, 3
67, 89, 9
67, 90, 10
67, 91, 2
67, 92, 1
67, 93, 5
67, 94, 9
67, 95, 3
67, 96, 6
67, 97, 3
67, 98, 10
67, 99, 3
68, 69, 10
68, 70, 6
68, 71, 4
68, 72, 9
68, 73, 3
68, 74, 10
68, 75, 9
68, 76, 8
68, 77, 3
68, 78, 10
68, 79, 5
68, 80, 7
68, 81, 2
68, 82, 2
68, 83, 8
68, 84, 5
68, 85, 5
68, 86, 3
68, 87, 7
68, 88, 1
68, 89, 9
68, 90, 4
68, 91, 1
68, 92, 2
68, 93, 10
68, 94, 6
68, 95, 8
68, 96, 5
68, 97, 1
68, 98, 3
68, 99, 7
69, 70, 10
69, 71, 3
69, 72, 9
69, 73, 8
69, 74, 5
69, 75, 8
69, 76, 6
69, 77, 6
69, 78, 2
69, 79, 5
69, 80, 5
69, 81, 2
69, 82, 7
69, 83, 2
69, 84, 9
69, 85, 8
69, 86, 9
69, 87, 4
69, 88, 4
69, 89, 2
69, 90, 7
69, 91, 4
69, 92, 3
69, 93, 6
69, 94, 9
69, 95, 7
69, 96, 6
69, 97, 1
69, 98, 10
69, 99, 2
70, 71, 8
70, 72, 4
70, 73, 2
70, 74, 1
70, 75, 5
70, 76, 4
70, 77, 8
70, 78, 1
70, 79, 3
70, 80, 8
70, 81, 9
70, 82, 5
70, 83, 10
70, 84, 6
70, 85, 1
70, 86, 7
70, 87, 2
70, 88, 2
70, 89, 6
70, 90, 8
70, 91, 2
70, 92, 7
70, 93, 7
70, 94, 5
70, 95, 9
70, 96, 7
70, 97, 7
70, 98, 3
70, 99, 9
71, 72, 8
71, 73, 3
71, 74, 5
71, 75, 1
71, 76, 7
71, 77, 4
71, 78, 8
71, 79, 10
71, 80, 6
71, 81, 10
71, 82, 6
71, 83, 4
71, 84, 10
71, 85, 4
71, 86, 2
71, 87, 5
71, 88, 6
71, 89, 6
71, 90, 5
71, 91, 8
71, 92, 8
71, 93, 4
71, 94, 6
71, 95, 3
71, 96, 5
71, 97, 9
71, 98, 1
71, 99, 9
72, 73, 3
72, 74, 7
72, 75, 4
72, 76, 10
72, 77, 7
72, 78, 8
72, 79, 4
72, 80, 9
72, 81, 8
72, 82, 1
72, 83, 5
72, 84, 7
72, 85, 5
72, 86, 3
72, 87, 4
72, 88, 7
72, 89, 2
72, 90, 1
72, 91, 8
72, 92, 9
72, 93, 7
72, 94, 10
72, 95, 5
72, 96, 4
72, 97, 10
72, 98, 3
72, 99, 4
73, 74, 7
73, 75, 8
73, 76, 8
73, 77, 4
73, 78, 8
73, 79, 9
73, 80, 8
73, 81, 10
73, 82, 8
73, 83, 7
73, 84, 6
73, 85, 5
73, 86, 10
73, 87, 3
73, 88, 4
73, 89, 10
73, 90, 5
73, 91, 4
73, 92, 6
73, 93, 4
73, 94, 9
73, 95, 2
73, 96, 4
73, 97, 9
73, 98, 10
73, 99, 4
74, 75, 5
74, 76, 10
74, 77, 9
74, 78, 10
74, 79, 10
74, 80, 5
74, 81, 2
74, 82, 3
74, 83, 10
74, 84, 7
74, 85, 8
74, 86, 2
74, 87, 3
74, 88, 5
74, 89, 9
74, 90, 1
74, 91, 2
74, 92, 9
74, 93, 5
74, 94, 10
74, 95, 4
74, 96, 2
74, 97, 3
74, 98, 3
74, 99, 9
75, 76, 8
75, 77, 10
75, 78, 1
75, 79, 1
75, 80, 9
75, 81, 9
75, 82, 4
75, 83, 10
75, 84, 8
75, 85, 9
75, 86, 6
75, 87, 10
75, 88, 9
75, 89, 1
75, 90, 10
75, 91, 7
75, 92, 7
75, 93, 4
75, 94, 10
75, 95, 3
75, 96, 8
75, 97, 1
75, 98, 8
75, 99, 2
76, 77, 10
76, 78, 9
76, 79, 4
76, 80, 3
76, 81, 5
76, 82, 9
76, 83, 2
76, 84, 5
76, 85, 10
76, 86, 8
76, 87, 4
76, 88, 5
76, 89, 6
76, 90, 3
76, 91, 9
76, 92, 3
76, 93, 6
76, 94, 7
76, 95, 7
76, 96, 8
76, 97, 2
76, 98, 2
76, 99, 5
77, 78, 6
77, 79, 2
77, 80, 3
77, 81, 9
77, 82, 8
77, 83, 2
77, 84, 5
77, 85, 7
77, 86, 8
77, 87, 2
77, 88, 4
77, 89, 8
77, 90, 4
77, 91, 2
77, 92, 1
77, 93, 5
77, 94, 8
77, 95, 7
77, 96, 5
77, 97, 10
77, 98, 1
77, 99, 10
78, 79, 5
78, 80, 6
78, 81, 2
78, 82, 9
78, 83, 9
78, 84, 7
78, 85, 6
78, 86, 3
78, 87, 8
78, 88, 3
78, 89, 6
78, 90, 6
78, 91, 7
78, 92, 8
78, 93, 8
78, 94, 8
78, 95, 4
78, 96, 5
78, 97, 2
78, 98, 2
78, 99, 1
79, 80, 4
79, 81, 7
79, 82, 6
79, 83, 8
79, 84, 6
79, 85, 3
79, 86, 7
79, 87, 8
79, 88, 9
79, 89, 10
79, 90, 1
79, 91, 4
79, 92, 3
79, 93, 9
79, 94, 2
79, 95, 3
79, 96, 9
79, 97, 3
79, 98, 9
79, 99, 8
80, 81, 8
80, 82, 10
80, 83, 10
80, 84, 3
80, 85, 7
80, 86, 5
80, 87, 8
80, 88, 6
80, 89, 8
80, 90, 1
80, 91, 8
80, 92, 10
80, 93, 9
80, 94, 9
80, 95, 4
80, 96, 3
80, 97, 5
80, 98, 3
80, 99, 7
81, 82, 7
81, 83, 5
81, 84, 8
81, 85, 7
81, 86, 8
81, 87, 8
81, 88, 2
81, 89, 8
81, 90, 8
81, 91, 10
81, 92, 2
81, 93, 8
81, 94, 4
81, 95, 1
81, 96, 3
81, 97, 9
81, 98, 8
81, 99, 3
82, 83, 2
82, 84, 10
82, 85, 7
82, 86, 8
82, 87, 6
82, 88, 10
82, 89, 4
82, 90, 10
82, 91, 8
82, 92, 4
82, 93, 3
82, 94, 3
82, 95, 6
82, 96, 10
82, 97, 9
82, 98, 1
82, 99, 6
83, 84, 5
83, 85, 9
83, 86, 5
83, 87, 4
83, 88, 3
83, 89, 8
83, 90, 4
83, 91, 9
83, 92, 3
83, 93, 2
83, 94, 10
83, 95, 9
83, 96, 3
83, 97, 6
83, 98, 8
83, 99, 9
84, 85, 5
84, 86, 3
84, 87, 10
84, 88, 8
84, 89, 5
84, 90, 7
84, 91, 10
84, 92, 2
84, 93, 7
84, 94, 1
84, 95, 8
84, 96, 6
84, 97, 7
84, 98, 1
84, 99, 3
85, 86, 8
85, 87, 7
85, 88, 1
85, 89, 4
85, 90, 3
85, 91, 10
85, 92, 2
85, 93, 4
85, 94, 10
85, 95, 7
85, 96, 2
85, 97, 1
85, 98, 10
85, 99, 6
86, 87, 10
86, 88, 10
86, 89, 10
86, 90, 9
86, 91, 9
86, 92, 8
86, 93, 1
86, 94, 7
86, 95, 7
86, 96, 10
86, 97, 1
86, 98, 5
86, 99, 5
87, 88, 1
87, 89, 3
87, 90, 9
87, 91, 10
87, 92, 1
87, 93, 2
87, 94, 8
87, 95, 1
87, 96, 10
87, 97, 10
87, 98, 4
87, 99, 6
88, 89, 10
88, 90, 7
88, 91, 1
88, 92, 8
88, 93, 2
88, 94, 6
88, 95, 2
88, 96, 3
88, 97, 3
88, 98, 4
88, 99, 2
89, 90, 5
89, 91, 10
89, 92, 2
89, 93, 7
89, 94, 2
89, 95, 9
89, 96, 4
89, 97, 1
89, 98, 4
89, 99, 10
90, 91, 2
90, 92, 6
90, 93, 2
90, 94, 10
90, 95, 8
90, 96, 7
90, 97, 5
90, 98, 5
90, 99, 4
91, 92, 8
91, 93, 9
91, 94, 2
91, 95, 5
91, 96, 10
91, 97, 2
91, 98, 10
91, 99, 2
92, 93, 3
92, 94, 1
92, 95, 10
92, 96, 8
92, 97, 7
92, 98, 8
92, 99, 9
93, 94, 4
93, 95, 1
93, 96, 2
93, 97, 8
93, 98, 2
93, 99, 8
94, 95, 10
94, 96, 1
94, 97, 1
94, 98, 8
94, 99, 5
95, 96, 6
95, 97, 9
95, 98, 5
95, 99, 1
96, 97, 7
96, 98, 1
96, 99, 9
97, 98, 2
97, 99, 8
98, 99, 1
