0: [85, 81, 23, 91, 78, 88, 95, 7, 70, 54]
1: [26, 14, 77, 54, 28]
2: [90, 38, 89, 78, 33, 3, 77, 50]
3: [92, 15, 55, 5, 23, 82, 65, 89, 35]
4: [20, 53]
5: [18, 23, 80, 69, 34, 93, 30, 96]
6: [49, 72, 79, 59, 63, 76, 39, 81, 47]
7: [26, 84, 95, 97, 48, 23, 24, 1, 88, 42]
8: [10, 9, 91, 38, 84, 30, 46, 40, 45]
9: [85, 2, 81, 24, 8, 31, 4]
10: [97, 77, 79, 19, 53, 70, 3]
11: [12, 79, 21, 39, 16]
12: [26]
13: [8, 97, 62, 65, 89, 25, 33, 35, 68]
14: [84, 12, 71, 19, 48, 32, 72, 33, 80, 7]
15: [32]
16: [26, 3, 50, 85, 29, 21, 92, 78, 42, 20]
17: [11, 16, 59, 55, 12, 78, 4, 94]
18: [76, 33, 15, 20, 67, 48]
19: [23, 76, 45, 9, 35, 78, 51]
20: [3, 56, 47, 33, 80, 14, 26, 5, 15]
21: [88, 35, 0, 94, 39]
22: [66, 53, 64, 77, 40, 9, 82, 43]
23: [26, 5, 48, 45]
24: [47, 98, 1, 79, 93]
25: [24, 81, 69, 63]
26: [96, 5, 91, 43, 30, 57]
27: [20, 91, 43, 58, 95, 73, 94]
28: [5, 36]
29: [36, 85, 95, 21, 97, 43, 9, 53]
30: [70, 36, 66, 26, 85, 76]
31: [86, 37]
32: [98, 0, 28, 14, 3, 47, 49, 22, 8]
33: [66, 55]
34: [46, 59, 16, 13, 14, 84, 57, 5, 76]
35: [96]
36: [40, 12, 64, 67, 70, 52, 10, 39, 93, 24]
37: [27]
38: [92, 28, 83, 96]
39: [82, 58, 69]
40: [17, 18, 15, 34, 62, 97, 81]
41: [85, 84, 66, 81, 71, 5, 48]
42: [43, 99, 2]
43: [13, 29, 90]
44: [12, 68, 43, 62, 24]
45: [22, 33]
46: [59, 42, 17, 36, 95]
47: [79]
48: [47]
49: [95, 25, 4, 91, 1, 77, 51, 30]
50: [43, 29, 11, 84, 10, 5, 62, 9, 76]
51: [42, 32, 34, 47]
52: [96]
53: [99, 0, 48, 3, 28]
54: [68]
55: [21, 65, 74, 84, 12, 98, 50]
56: [66, 30]
57: [99]
58: [41, 1]
59: [76]
60: [21, 52, 40, 67]
61: [10, 93, 43, 54, 27, 72, 98]
62: [86, 67, 61, 57, 59]
63: [45, 60, 76, 86, 62]
64: [49, 13, 97, 27, 10, 79, 69, 87, 3]
65: [79, 13, 7, 78, 4, 96, 91, 46, 94]
66: [60, 99]
67: [38, 81, 93, 87, 35, 40, 4]
68: [0, 77, 23]
69: [43, 44, 33]
70: [81, 6, 65, 80, 35, 39]
71: [40, 18, 63, 2, 7, 89, 34, 42, 88]
72: [97]
73: [85, 55, 43, 11, 50, 39, 68, 75]
74: [45, 89, 25, 73, 85, 12, 44, 57, 75]
75: [44, 23]
76: [31]
77: [3, 97, 74, 6, 16, 45]
78: [64, 19, 58, 88, 68, 47, 62, 87, 1]
79: [95, 27]
80: [55, 63, 57, 98, 23, 86, 14, 22, 87, 81]
81: [7]
82: [7, 65, 46, 67, 68]
83: [1, 56, 46, 33, 9, 55, 41, 4]
84: [89, 33]
85: [53, 94, 43, 28, 54, 33, 90, 56, 68]
86: [77, 3, 20, 12, 91, 88, 59, 79]
87: [29, 71, 56, 40, 67, 68]
88: [11, 98, 93, 14, 10, 36, 34, 23, 74]
89: [11, 96, 61, 40, 52, 49, 44, 21, 31]
90: [93, 28, 77]
91: [60]
92: [2, 91]
93: [16, 39, 24, 10, 17]
94: [18, 47]
95: [92]
96: [32, 69, 75, 6, 99, 57, 61, 70, 5]
97: [52, 36, 38, 65, 75, 11, 62, 44, 83, 9]
98: [14, 96, 58, 75, 74, 1, 34, 85, 23, 20]
99: [55]
